input = [-0.8306562304496765, 1.6165248155593872, -1.1896085739135742, -1.680414080619812, 1.8756650686264038, -0.3747663199901581, 0.8855074048042297, 1.4021867513656616, -0.5551024675369263, 0.040698129683732986, -1.5343101024627686, -0.8756691813468933, -0.44812169671058655, -0.30535200238227844, 0.30701500177383423, -1.8096588850021362]
target = [5, 3]
loss = 2.933742046356201
